943
49
9
34
32
37
37
48
45
19
5
31
20
19
29
22
45
30
40
31
35
8
36
39
14
5
8
4
31
28
17
15
27
0
23
33
37
10
4
31
3
9
36
23
2
40
20
47
44
9
2
28
43
38
17
6
17
50
10
22
27
27
38
3
2
35
10
39
19
14
45
48
48
30
20
0
44
14
21
38
49
48
15
41
35
6
21
2
5
31
24
33
32
36
10
34
46
21
48
14
9
16
11
7
20
6
32
14
45
27
1
17
25
41
32
34
48
2
10
2
7
9
9
40
45
20
48
14
15
19
3
49
35
39
30
5
19
11
44
14
13
45
5
38
9
38
21
6
40
32
34
48
15
17
11
34
11
33
49
26
2
1
50
11
40
29
16
34
41
34
48
28
2
2
15
12
14
10
18
4
16
26
26
31
44
11
15
4
44
13
5
46
39
4
32
2
33
48
36
48
32
7
25
34
35
14
20
49
25
13
27
15
39
27
47
6
38
36
36
32
23
41
1
11
19
33
38
26
5
49
24
11
30
23
19
39
12
40
38
11
2
39
26
15
16
47
22
28
32
7
9
4
22
36
40
41
18
2
16
48
0
14
8
4
12
2
44
24
42
5
9
18
44
35
33
34
32
29
12
38
36
46
43
32
31
6
22
50
8
13
21
33
1
30
38
13
32
5
11
48
10
20
15
3
30
22
12
36
1
24
23
11
19
40
18
0
47
14
24
29
27
45
37
3
49
49
41
4
3
2
1
13
47
41
41
0
38
2
36
13
0
34
49
20
23
16
45
44
31
18
23
32
37
9
35
10
7
26
14
35
2
41
48
23
5
12
24
43
15
34
5
40
17
29
9
41
45
28
34
25
20
31
7
7
14
16
17
46
16
5
30
18
46
1
16
26
14
40
18
3
48
49
43
15
27
27
30
21
4
38
21
25
19
2
6
33
43
48
29
9
2
33
27
23
35
43
49
49
6
41
26
4
39
18
44
40
19
23
36
24
10
6
23
3
33
29
11
25
26
14
34
2
47
36
25
31
2
23
3
9
14
29
38
27
22
5
17
41
28
2
39
12
33
11
16
15
14
1
14
40
15
49
43
11
8
42
17
10
15
20
44
3
24
31
30
20
36
21
35
38
23
24
0
30
9
41
45
24
42
9
38
6
32
30
42
40
22
8
50
11
3
44
14
1
49
18
21
9
40
5
21
37
3
46
17
13
36
36
11
1
19
49
32
25
3
49
14
50
6
39
35
34
6
23
35
29
41
30
12
4
10
34
16
13
29
33
0
40
43
11
15
37
35
48
11
12
46
26
11
26
39
46
10
45
18
19
48
33
24
10
38
34
44
3
21
47
10
22
36
27
7
1
13
16
23
25
28
43
25
13
18
13
33
2
32
25
47
3
8
20
13
20
28
31
48
49
2
32
45
38
8
2
13
22
43
10
21
21
2
46
8
46
33
42
48
39
16
18
42
49
38
30
18
15
35
40
39
37
21
33
50
4
35
37
0
2
48
21
23
24
41
5
19
48
47
42
10
13
9
26
36
22
5
4
11
41
18
50
1
40
33
0
44
42
38
18
44
35
39
41
8
3
47
2
0
17
44
35
4
27
10
41
49
41
45
10
5
12
34
6
26
41
7
44
33
45
11
0
3
24
16
36
27
37
38
1
3
5
36
8
33
47
49
5
37
17
40
42
3
24
22
30
14
29
48
21
48
9
47
25
7
12
11
35
49
23
36
1
3
47
34
10
17
32
15
3
49
5
19
27
3
41
6
42
45
28
13
42
11
9
17
19
46
2
3
18
50
13
19
2
34
3
12
0
9
2
3
33
7
47
9
10
38
40
1
32
17
39
48
29
22
39
48
42
15
25
9
15
12
29
42
47
6
29
47
15
31
25
22
12
21
31
47
33
20
22
39
38
36
37
41
7
25
38
50
41
37
33
30
49
11
46
45
42
24
42
32
29
16
3
41
11
35
11
45
29
34
33
16
19
19
6
0
19
18
24
34
4
7
38
3
43
33
22
9
7
13
41
10
3
18
26
15
27
37
34
6
45
16
22
38
10
3
39
3
46
37
37
0
18
24
28
11
6
50
45
38
38
35
49
15
27
24
4
4
35
38
10
30
29
6
17
39
34
Skillcity
